"","and.p","gyn.p","sep.p","pet.p","sp"
"Linum_marginale",0.0534591194968553,0.223270440251572,0.477987421383648,0.245283018867925,"Linum_marginale"
"Linum_sulcatum",0.104427736006683,0.0693400167084378,0.698412698412698,0.12781954887218,"Linum_sulcatum"
"Janusia_guaranitica",0.0980891719745223,0.0331210191082803,0.473885350318471,0.394904458598726,"Janusia_guaranitica"
"Hiraea_psilophylla",0.105952380952381,0.163095238095238,0.323809523809524,0.407142857142857,"Hiraea_psilophylla"
"Elatine_alsinastrum",0.140077821011673,0.459143968871595,0.22568093385214,0.175097276264591,"Elatine_alsinastrum"
"Hypericum_gramineum",0.0260869565217391,0.165217391304348,0.565217391304348,0.243478260869565,"Hypericum_gramineum"
"Hypericum_connatum",0.134903640256959,0.229122055674518,0.295503211991435,0.340471092077088,"Hypericum_connatum"
"Hypericum_brasiliense",0.130311614730878,0.107648725212465,0.252124645892351,0.509915014164306,"Hypericum_brasiliense"
"Hypericum_perforatum",0.231527093596059,0.211001642036125,0.16256157635468,0.394909688013136,"Hypericum_perforatum"
"Viola_betonicifolia",0.0909090909090909,0.181818181818182,0.193181818181818,0.534090909090909,"Viola_betonicifolia"
"Viola_biflora",0.154724159797083,0.188332276474318,0.196892834495878,0.46005072923272,"Viola_biflora"
"Viola_reichenbachiana",0.0812784103751551,0.149771712433008,0.166210426387933,0.602739450803904,"Viola_reichenbachiana"
"Viola_pedata",0.140871762476311,0.0928616550852811,0.192040429564119,0.574226152874289,"Viola_pedata"
"Viola_banksii",0.0760869565217391,0.0923913043478261,0.125,0.706521739130435,"Viola_banksii"
"Hybanthus_bigibbosus",0.127272727272727,0.1,0.193939393939394,0.578787878787879,"Hybanthus_bigibbosus"
"Piriqueta_taubatensis",0.159156676312526,0.130632492765606,0.292682926829268,0.4175279040926,"Piriqueta_taubatensis"
"Oxalis_stricta",0.2,0.1525,0.28625,0.36125,"Oxalis_stricta"
"Oxalis_martiana",0.14828897338403,0.114068441064639,0.224334600760456,0.513307984790875,"Oxalis_martiana"
"Oxalis_niederleinii",0.154929577464789,0.161971830985915,0.197183098591549,0.485915492957746,"Oxalis_niederleinii"
"Oxalis_acetosella",0.13143692826352,0.169593779773604,0.10993330712701,0.589035984835866,"Oxalis_acetosella"
"Oxalis_corniculata",0.194029850746269,0.217910447761194,0.358208955223881,0.229850746268657,"Oxalis_corniculata"
"Oxalis_perennans",0.108108108108108,0.297297297297297,0.216216216216216,0.378378378378378,"Oxalis_perennans"
"Oxalis_sellowiana",0.122171945701357,0.0972850678733032,0.300904977375566,0.479638009049774,"Oxalis_sellowiana"
"Tetratheca_ericifolia",0.196358907672302,0.0637191157347204,0.0390117035110533,0.700910273081925,"Tetratheca_ericifolia"
"Elaeocarpus_reticulatus",0.173697270471464,0.177133040656614,0.318953998854743,0.330215690017179,"Elaeocarpus_reticulatus"
"Bauera_rubioides",0.186712485681558,0.161512027491409,0.262313860252005,0.389461626575029,"Bauera_rubioides"
"Stackhousia_pulvinaris",0.0609756097560976,0.164634146341463,0.0609756097560976,0.713414634146342,"Stackhousia_pulvinaris"
"Potentilla_crantzii",0.100409836065574,0.211065573770492,0.342213114754098,0.346311475409836,"Potentilla_crantzii"
"Potentilla_reptans",0.0938230383973289,0.32220367278798,0.367946577629382,0.216026711185309,"Potentilla_reptans"
"Fragaria_vesca",0.149352147967426,0.253316189157408,0.341740573450705,0.255591089424461,"Fragaria_vesca"
"Agrimonia_eupatoria",0.112573099415205,0.480506822612086,0.165204678362573,0.241715399610136,"Agrimonia_eupatoria"
"Agrimonia_pubescens",0.116200169635284,0.0551314673452078,0.688295165394402,0.140373197625106,"Agrimonia_pubescens"
"Rubus_caesius",0.296313735071819,0.12224289424099,0.294076575831384,0.287366794855806,"Rubus_caesius"
"Rubus_urticifolius",0.116580310880829,0.341968911917098,0.274611398963731,0.266839378238342,"Rubus_urticifolius"
"Filipendula_ulmaria",0.4,0.176,0.184,0.24,"Filipendula_ulmaria"
"Sorbus_aucuparia",0.240130550830464,0.261002088260106,0.270555532506327,0.228311828403103,"Sorbus_aucuparia"
"Prunus_spinosa",0.222989214451027,0.383427606358738,0.0987007300574574,0.294882449132778,"Prunus_spinosa"
"Prunus_padus",0.147277389277389,0.457300699300699,0.0974778554778555,0.297944055944056,"Prunus_padus"
"Trifolium_repens",0.173680369739723,0.0756506932619801,0.300656774507419,0.450012162490878,"Trifolium_repens"
"Trifolium_medium",0.150803567581542,0.0603214270326167,0.297686242405963,0.491188762979879,"Trifolium_medium"
"Trifolium_pratense",0.192746113989637,0.181347150259067,0.206217616580311,0.419689119170984,"Trifolium_pratense"
"Medicago_sativa",0.1953125,0.11328125,0.13671875,0.5546875,"Medicago_sativa"
"Vicia_cracca",0.168859592390039,0.141111277829806,0.147692642014146,0.542331313737563,"Vicia_cracca"
"Lathyrus_venosus",0.236225779275484,0.222577927548441,0.239427127211457,0.301769165964617,"Lathyrus_venosus"
"Lathyrus_tuberosus",0.115653040877368,0.10568295114656,0.100697906281157,0.677966101694915,"Lathyrus_tuberosus"
"Onobrychis_viciifolia",0.137820512820513,0.0384615384615385,0.30448717948718,0.519230769230769,"Onobrychis_viciifolia"
"Lotus_corniculatus",0.10924337970477,0.141175990113612,0.184873644516579,0.564705473059743,"Lotus_corniculatus"
"Lotus_alpinus",0.103918228279387,0.146507666098807,0.0988074957410562,0.65076660988075,"Lotus_alpinus"
"Anthyllis_vulneraria",0.127199565358691,0.074650637201029,0.378889630381229,0.419260167059051,"Anthyllis_vulneraria"
"Securigera_varia",0.127450980392157,0.0915032679738562,0.124183006535948,0.656862745098039,"Securigera_varia"
"Desmodium_canadense",0.13312693498452,0.0340557275541796,0.160990712074303,0.671826625386997,"Desmodium_canadense"
"Erythrina_crista-galli",0.148583853702052,0.05792818911686,0.206567796610169,0.586920160570919,"Erythrina_crista-galli"
"Kennedia_rubicunda",0.115136628799509,0.178385016886706,0.123426466073073,0.583051888240712,"Kennedia_rubicunda"
"Hardenbergia_violacea",0.0620689655172414,0.120689655172414,0.124137931034483,0.693103448275862,"Hardenbergia_violacea"
"Gompholobium_latifolium",0.120810432158638,0.156159068865179,0.184933721306175,0.538096777670008,"Gompholobium_latifolium"
"Pultenaea_flexilis",0.139423076923077,0.129807692307692,0.129807692307692,0.600961538461539,"Pultenaea_flexilis"
"Mirbelia_rubiifolia",0.0688622754491018,0.158682634730539,0.131736526946108,0.640718562874251,"Mirbelia_rubiifolia"
"Platylobium_formosum",0.0977939364062115,0.103771259551393,0.274710377125955,0.523724426916441,"Platylobium_formosum"
"Dillwynia_retorta",0.0613107822410148,0.167019027484144,0.211416490486258,0.560253699788584,"Dillwynia_retorta"
"Viminaria_juncea",0.110795454545455,0.107954545454545,0.176136363636364,0.605113636363636,"Viminaria_juncea"
"Senna_occidentalis",0.38788257339163,0.193628981886321,0.233603997501562,0.184884447220487,"Senna_occidentalis"
"Senna_neglecta",0.412398921832884,0.150943396226415,0.166217430368374,0.270440251572327,"Senna_neglecta"
"Cassia_nictitans",0.194711538461538,0.230769230769231,0.350961538461538,0.223557692307692,"Cassia_nictitans"
"Bauhinia_forficata",0.162586651485215,0.0647667526204749,0.384782827098892,0.387863768795419,"Bauhinia_forficata"
"Polygala_chamaebuxus",0.0388358562046395,0.112565024755079,0.167422021040433,0.681178020663986,"Polygala_chamaebuxus"
"Comesperma_ericinum",0.0263157894736842,0.149122807017544,0.385964912280702,0.43859649122807,"Comesperma_ericinum"
"Polygala_sanguinea",0.0628930817610063,0.132075471698113,0.525157232704403,0.279874213836478,"Polygala_sanguinea"
"Cardiospermum_grandiflorum",0.181360201511335,0.292191435768262,0.229219143576826,0.297229219143577,"Cardiospermum_grandiflorum"
"Guarea_macrophylla",0.335751295336788,0.216580310880829,0.0476683937823834,0.4,"Guarea_macrophylla"
"Boronia_pinnata",0.107084019769357,0.189456342668863,0.103789126853377,0.599670510708402,"Boronia_pinnata"
"Boronia_microphylla",0.140243902439024,0.24390243902439,0.115853658536585,0.5,"Boronia_microphylla"
"Boronia_serrulata",0.159420289855072,0.183574879227053,0.0615942028985507,0.595410628019324,"Boronia_serrulata"
"Zieria_pilosa",0.0611111111111111,0.283333333333333,0.266666666666667,0.388888888888889,"Zieria_pilosa"
"Cakile_edentula",0.347593582887701,0.144385026737968,0.235294117647059,0.272727272727273,"Cakile_edentula"
"Alliaria_officinalis",0.51061678463094,0.145601617795753,0.157735085945399,0.186046511627907,"Alliaria_officinalis"
"Iberis_amara",0.213333333333333,0.173333333333333,0.226666666666667,0.386666666666667,"Iberis_amara"
"Hesperis_matronalis",0.334134615384615,0.0300480769230769,0.191105769230769,0.444711538461539,"Hesperis_matronalis"
"Cardaminopsis_arenosa",0.213114754098361,0.14519906323185,0.122950819672131,0.518735362997658,"Cardaminopsis_arenosa"
"Capsella_bursa-pastoris",0.293103448275862,0.224137931034483,0.367816091954023,0.114942528735632,"Capsella_bursa-pastoris"
"Cardamine_bulbifera",0.282383751912889,0.090673080485254,0.116580082015565,0.510363085586292,"Cardamine_bulbifera"
"Barbarea_vulgaris",0.297593743101328,0.188646756441389,0.254016209908859,0.259749597905957,"Barbarea_vulgaris"
"Lepidium_virginicum",0.27710843373494,0.156626506024096,0.168674698795181,0.397590361445783,"Lepidium_virginicum"
"Lepidium_draba",0.283760354459642,0.383548449239068,0.14351762666153,0.189173569639761,"Lepidium_draba"
"Hornungia_alpina",0.223188405797101,0.23768115942029,0.185507246376812,0.353623188405797,"Hornungia_alpina"
"Polanisia_dodecandra",0.462100456621005,0.0922374429223744,0.231963470319635,0.213698630136986,"Polanisia_dodecandra"
"Daphne_mezereum",0.043868585254043,0.174742136763021,0.189959251241564,0.591430026741373,"Daphne_mezereum"
"Tilia_cordata",0.290579053373615,0.17495166163142,0.400713997985901,0.133754279959718,"Tilia_cordata"
"Ceiba_speciosa",0.141386423421207,0.040366382165364,0.258095039836491,0.560152154576938,"Ceiba_speciosa"
"Hibiscus_diversifolius",0.178460819260212,0.0849062116519605,0.318997253549933,0.417635715537895,"Hibiscus_diversifolius"
"Pavonia_sepium",0.108361774744027,0.138225255972696,0.214163822525597,0.539249146757679,"Pavonia_sepium"
"Pavonia_friesii",0.0752459452273332,0.104759372507312,0.355490561021005,0.46450412124435,"Pavonia_friesii"
"Pavonia_psilophylla",0.140729483282675,0.0844984802431611,0.347720364741641,0.427051671732523,"Pavonia_psilophylla"
"Abutilon_theophrasti",0.165310492505353,0.170021413276231,0.502355460385439,0.162312633832976,"Abutilon_theophrasti"
"Sida_rhombifolia",0.0640176600441501,0.134657836644592,0.602649006622517,0.198675496688742,"Sida_rhombifolia"
"Malva_neglecta",0.481005260081823,0.180303915838691,0.113383985973115,0.225306838106371,"Malva_neglecta"
"Malva_rotundifolia",0.114525139664804,0.183958499600958,0.521149241819633,0.180367118914605,"Malva_rotundifolia"
"Sidalcea_oregana",0.190261787487787,0.0929803886018191,0.405664843521792,0.311092980388602,"Sidalcea_oregana"
"Helianthemum_nummularium",0.168716682212953,0.128295047581304,0.348857710394425,0.354130559811318,"Helianthemum_nummularium"
"Helianthemum_apenninum",0.135427077907757,0.0943686623402828,0.390511282852598,0.379692976899362,"Helianthemum_apenninum"
"Geranium_maculatum",0.283254156769596,0.077790973871734,0.260095011876485,0.378859857482185,"Geranium_maculatum"
"Geranium_pratense",0.157183405806059,0.172830629753822,0.277382641908586,0.392602931350934,"Geranium_pratense"
"Geranium_potentilloides",0.115702479338843,0.21900826446281,0.508264462809917,0.15702479338843,"Geranium_potentilloides"
"Geranium_pyrenaicum",0.165957446808511,0.259574468085106,0.259574468085106,0.314893617021277,"Geranium_pyrenaicum"
"Erodium_cicutarium",0.14974182444062,0.21170395869191,0.457831325301205,0.180722891566265,"Erodium_cicutarium"
"Leandra_australis",0.262172284644195,0.419475655430712,0.232209737827715,0.0861423220973783,"Leandra_australis"
"Leandra_camporum",0.0988593155893536,0.429657794676806,0.281368821292776,0.190114068441065,"Leandra_camporum"
"Tibouchina_sellowiana",0.393715341959335,0.0831792975970425,0.162661737523105,0.360443622920518,"Tibouchina_sellowiana"
"Tibouchina_gracilis",0.198282032927702,0.219040801717967,0.256263421617752,0.326413743736578,"Tibouchina_gracilis"
"Tibouchina_clinopodifolia",0.130624092888244,0.738751814223512,0.112481857764877,0.0181422351233672,"Tibouchina_clinopodifolia"
"Callistemon_citrinus",0.43584828792391,0.213839328576581,0.244113238261724,0.106199145237784,"Callistemon_citrinus"
"Syzygium_australe",0.334512022630835,0.206506364922207,0.364922206506365,0.0940594059405941,"Syzygium_australe"
"Calytrix_tetragona",0.145098039215686,0.341176470588235,0.243137254901961,0.270588235294118,"Calytrix_tetragona"
"Kunzea_ericifolia",0.431506849315069,0.297945205479452,0.147260273972603,0.123287671232877,"Kunzea_ericifolia"
"Kunzea_muelleri",0.323255813953488,0.255813953488372,0.33953488372093,0.0813953488372093,"Kunzea_muelleri"
"Kunzea_capitata",0.253731343283582,0.251243781094527,0.447761194029851,0.0472636815920398,"Kunzea_capitata"
"Leptospermum_laevigatum",0.0928297055057618,0.625480153649168,0.0544174135723431,0.227272727272727,"Leptospermum_laevigatum"
"Heimia_myrtifolia",0.0710659898477157,0.355329949238579,0.375634517766497,0.197969543147208,"Heimia_myrtifolia"
"Lythrum_salicaria",0.178716034357666,0.251059049313081,0.353195871463009,0.217029044866244,"Lythrum_salicaria"
"Lythrum_maritimum",0.0697435897435898,0.0471794871794872,0.352820512820513,0.53025641025641,"Lythrum_maritimum"
"Cuphea_ramulosa",0.195384615384615,0.22,0.355384615384615,0.229230769230769,"Cuphea_ramulosa"
"Ludwigia_leptocarpa",0.118060985144644,0.428459734167318,0.279124315871775,0.174354964816263,"Ludwigia_leptocarpa"
"Ludwigia_elegans",0.0524193548387097,0.608870967741935,0.255376344086022,0.0833333333333333,"Ludwigia_elegans"
"Ludwigia_caparosa",0.0910543130990415,0.519169329073482,0.252396166134185,0.137380191693291,"Ludwigia_caparosa"
"Ludwigia_multinervia",0.219066570188133,0.182344428364689,0.36794500723589,0.230643994211288,"Ludwigia_multinervia"
"Circaea_lutetiana",0.189211618257261,0.375933609958506,0.215767634854772,0.219087136929461,"Circaea_lutetiana"
"Fuchsia_regia",0.216519647153168,0.153769045709703,0.491579791499599,0.13813151563753,"Fuchsia_regia"
"Epilobium_alpestre",0.0708717049164352,0.602433854699605,0.101885689226721,0.224808751157238,"Epilobium_alpestre"
"Epilobium_gunnianum",0.0606653620352251,0.553816046966732,0.103718199608611,0.281800391389433,"Epilobium_gunnianum"
"Epilobium_angustifolium",0.247395833333333,0.45703125,0.15625,0.139322916666667,"Epilobium_angustifolium"
"Sedum_sexangulare",0.0912698412698413,0.361111111111111,0.317460317460317,0.23015873015873,"Sedum_sexangulare"
"Sedum_album",0.119047619047619,0.345238095238095,0.19047619047619,0.345238095238095,"Sedum_album"
"Saxifraga_aizoides",0.0918156808803301,0.460110041265475,0.281292984869326,0.166781292984869,"Saxifraga_aizoides"
"Saxifraga_caesia",0.130070095298102,0.342482476175475,0.197494158725158,0.329953269801265,"Saxifraga_caesia"
"Saxifraga_rotundifolia",0.224304715840387,0.336154776299879,0.168681983071342,0.270858524788392,"Saxifraga_rotundifolia"
"Saxifraga_stellaris",0.134171907756813,0.380503144654088,0.153039832285115,0.332285115303983,"Saxifraga_stellaris"
"Myosotis_nemorosa",0.0731707317073171,0.0975609756097561,0.121951219512195,0.707317073170732,"Myosotis_nemorosa"
"Echium_vulgare",0.169556840077071,0.183044315992293,0.315992292870906,0.33140655105973,"Echium_vulgare"
"Lithospermum_canescens",0.0727272727272727,0.0454545454545454,0.212121212121212,0.66969696969697,"Lithospermum_canescens"
"Symphytum_officinale",0.120401337792642,0.177257525083612,0.187290969899666,0.51505016722408,"Symphytum_officinale"
"Pulmonaria_officinalis",0.092489881576975,0.202368460500675,0.366211962224554,0.338929695697796,"Pulmonaria_officinalis"
"Hydrophyllum_virginianum",0.305982905982906,0.182905982905983,0.153846153846154,0.357264957264957,"Hydrophyllum_virginianum"
"Cordia_trichotoma",0.106765983860956,0.0943513345747983,0.350093109869646,0.4487895716946,"Cordia_trichotoma"
"Clinopodium_vulgare",0.0603448275862069,0.14553752535497,0.405679513184584,0.388438133874239,"Clinopodium_vulgare"
"Thymus_polytrichus",0.144097806778205,0.11546633538065,0.356024103379814,0.384411754461331,"Thymus_polytrichus"
"Origanum_vulgare",0.11864406779661,0.177966101694915,0.188559322033898,0.514830508474576,"Origanum_vulgare"
"Prunella_grandiflora",0.19672131147541,0.0960187353629977,0.274004683840749,0.433255269320843,"Prunella_grandiflora"
"Horminum_pyrenaicum",0.102244389027431,0.112219451371571,0.29925187032419,0.486284289276808,"Horminum_pyrenaicum"
"Glechoma_hederacea",0.0433473810957255,0.108970499698977,0.273329319686936,0.574352799518362,"Glechoma_hederacea"
"Lycopus_americanus",0.133858267716535,0.200787401574803,0.362204724409449,0.303149606299213,"Lycopus_americanus"
"Lycopus_virginicus",0.105769230769231,0.278846153846154,0.355769230769231,0.259615384615385,"Lycopus_virginicus"
"Hyptis_fasciculata",0.165384615384615,0.226923076923077,0.296153846153846,0.311538461538462,"Hyptis_fasciculata"
"Teucrium_montanum",0.139418972332016,0.108873517786561,0.282430830039526,0.469276679841897,"Teucrium_montanum"
"Teucrium_chamaedrys",0.192293334439421,0.158364096395537,0.0610975154506616,0.588245053714381,"Teucrium_chamaedrys"
"Aegiphila_brachiata",0.0927152317880795,0.101545253863135,0.251655629139073,0.554083885209713,"Aegiphila_brachiata"
"Lamium_maculatum",0.156482861400894,0.0983606557377049,0.204172876304024,0.540983606557377,"Lamium_maculatum"
"Lamium_amplexicaule",0.0993852459016393,0.0881147540983607,0.347336065573771,0.465163934426229,"Lamium_amplexicaule"
"Lamium_galeobdolon",0.143621008403361,0.217723529411765,0.244461344537815,0.394194117647059,"Lamium_galeobdolon"
"Stachys_recta",0.0984042553191489,0.0984042553191489,0.292553191489362,0.51063829787234,"Stachys_recta"
"Stachys_palustris",0.120364251238554,0.125958825754641,0.373316500234721,0.380360422772083,"Stachys_palustris"
"Scutellaria_galericulata",0.100520833333333,0.121354166666667,0.2359375,0.5421875,"Scutellaria_galericulata"
"Prostanthera_cuneata",0.0918459154487306,0.0778204804390713,0.229614105986033,0.600719498126165,"Prostanthera_cuneata"
"Westringia_longifolia",0.0820610687022901,0.124045801526718,0.215648854961832,0.57824427480916,"Westringia_longifolia"
"Westringia_fruticosa",0.0608552631578947,0.136513157894737,0.264802631578947,0.537828947368421,"Westringia_fruticosa"
"Agalinis_linarioides",0.219387755102041,0.110058309037901,0.133381924198251,0.537172011661808,"Agalinis_linarioides"
"Euphrasia_officinalis",0.200385356454721,0.149646756583173,0.203596660244059,0.446371226718048,"Euphrasia_officinalis"
"Euphrasia_collina",0.179397928589162,0.119212431011325,0.251157609283791,0.450230757968311,"Euphrasia_collina"
"Euphrasia_sp",0.149837133550489,0.136807817589577,0.149837133550489,0.563517915309446,"Euphrasia_sp"
"Rhinanthus_minor",0.0787620253164557,0.295358227848101,0.410688607594937,0.215189873417721,"Rhinanthus_minor"
"Rhinanthus_glacialis",0.173904761904762,0.201333333333333,0.23847619047619,0.386285714285714,"Rhinanthus_glacialis"
"Melampyrum_sylvaticum",0.154178488522053,0.16294815579056,0.222143409852979,0.460729945834408,"Melampyrum_sylvaticum"
"Melampyrum_arvense",0.0932565814958861,0.107603648553026,0.183644007830134,0.615495762120954,"Melampyrum_arvense"
"Melampyrum_pratense",0.192837465564738,0.0743801652892562,0.0881542699724518,0.644628099173554,"Melampyrum_pratense"
"Orobanche_gracilis",0.113376835236542,0.352365415986949,0.210032626427406,0.324225122349103,"Orobanche_gracilis"
"Mimulus_guttatus",0.0357852882703777,0.139165009940358,0.288270377733598,0.536779324055666,"Mimulus_guttatus"
"Mimulus_nudatus",0.063013698630137,0.246575342465753,0.575342465753425,0.115068493150685,"Mimulus_nudatus"
"Mimulus_micranthus",0.0229885057471264,0.14367816091954,0.574712643678161,0.258620689655172,"Mimulus_micranthus"
"Mimulus_tilingii",0.0252469813391877,0.147091108671789,0.344676180021954,0.482985729967069,"Mimulus_tilingii"
"Mimulus_laciniatus",0.0233766233766234,0.14025974025974,0.337662337662338,0.498701298701299,"Mimulus_laciniatus"
"Mimulus_glaucescens",0.0285714285714286,0.0952380952380952,0.323809523809524,0.552380952380952,"Mimulus_glaucescens"
"Mimulus_platycalyx",0.0198436560432953,0.120264582080577,0.426939266386049,0.432952495490078,"Mimulus_platycalyx"
"Mimulus_nasutus",0.0236220472440945,0.110236220472441,0.267716535433071,0.598425196850394,"Mimulus_nasutus"
"Ruellia_angustiflora",0.233766233766234,0.134199134199134,0.125541125541126,0.506493506493507,"Ruellia_angustiflora"
"Hygrophila_brasiliensis",0.158357771260997,0.161290322580645,0.234604105571848,0.44574780058651,"Hygrophila_brasiliensis"
"Justicia_carnea",0.22499275152218,0.146709191069875,0.0965497245578429,0.531748332850101,"Justicia_carnea"
"Justicia_brasiliana",0.186788154897494,0.104783599088838,0.111617312072893,0.596810933940774,"Justicia_brasiliana"
"Pinguicula_alpina",0.106958637027481,0.183563379993777,0.129878507198942,0.5795994757798,"Pinguicula_alpina"
"Pyrostegia_venusta",0.0900588324030774,0.100165937547141,0.0900588324030774,0.719716397646704,"Pyrostegia_venusta"
"Lantana_camara",0.107734806629834,0.185082872928177,0.129834254143646,0.577348066298342,"Lantana_camara"
"Verbena_bracteata",0.0592105263157895,0.0921052631578947,0.598684210526316,0.25,"Verbena_bracteata"
"Verbena_officinalis",0.0717592592592593,0.143518518518519,0.256944444444444,0.527777777777778,"Verbena_officinalis"
"Glandularia_pulchella",0.05,0.1,0.2375,0.6125,"Glandularia_pulchella"
"Glandularia_peruviana",0.0987306064880113,0.0874471086036671,0.198871650211566,0.614950634696756,"Glandularia_peruviana"
"Verbascum_thapsus",0.104577983712302,0.223518666176242,0.232495414610544,0.439407441784685,"Verbascum_thapsus"
"Verbascum_lychnitis",0.212540476891375,0.188695908154254,0.083014424492199,0.515749190462173,"Verbascum_lychnitis"
"Veronica_derwentiana",0.238643906004132,0.208813417753615,0.186440551565728,0.366102124676526,"Veronica_derwentiana"
"Veronica_chamaedrys",0.192660550458716,0.165137614678899,0.256880733944954,0.385321100917431,"Veronica_chamaedrys"
"Veronica_officinalis",0.135493372606775,0.34020618556701,0.222385861561119,0.301914580265096,"Veronica_officinalis"
"Plantago_media",0.416107382550336,0.120805369127517,0.337807606263982,0.125279642058166,"Plantago_media"
"Plantago_lanceolata",0.328380588876772,0.152399127589967,0.283805888767721,0.23541439476554,"Plantago_lanceolata"
"Digitalis_purpurea",0.108610990913025,0.256598874945911,0.151103418433579,0.483686715707486,"Digitalis_purpurea"
"Linaria_vulgaris",0.116751592966379,0.126178571770434,0.0681657195549585,0.688904913387937,"Linaria_vulgaris"
"Linaria_alpina",0.13311548546159,0.103467955491201,0.125112511251125,0.638304047796084,"Linaria_alpina"
"Cymbalaria_muralis",0.134485627137443,0.0924299842869027,0.0924299842869027,0.680654404288751,"Cymbalaria_muralis"
"Collinsia_parviflora",0.153106443321812,0.112558716653372,0.250819817424444,0.483515022600372,"Collinsia_parviflora"
"Ligustrum_vulgare",0.216665004487883,0.1097037997407,0.0888600777899671,0.58477111798145,"Ligustrum_vulgare"
"Salvia_pratensis",0.121107266435986,0.134948096885813,0.332179930795848,0.411764705882353,"Salvia_pratensis"
"Richardia_grandiflora",0.11545988258317,0.050880626223092,0.401174168297456,0.432485322896282,"Richardia_grandiflora"
"Diodia_saponariifolia",0.288343558282209,0.196319018404908,0.196319018404908,0.319018404907975,"Diodia_saponariifolia"
"Diodia_radula",0.214460784313725,0.185049019607843,0.170343137254902,0.430147058823529,"Diodia_radula"
"Manettia_luteorubra",0.0736,0.1832,0.188,0.5552,"Manettia_luteorubra"
"Coccocypselum_reitzii",0.0805500982318271,0.18860510805501,0.0943025540275049,0.636542239685658,"Coccocypselum_reitzii"
"Asclepias_curassavica",0.450292397660819,0.135964912280702,0.10672514619883,0.307017543859649,"Asclepias_curassavica"
"Gentianopsis_ciliata",0.0749910297811267,0.210800143523502,0.123968424829566,0.590240401865806,"Gentianopsis_ciliata"
"Gentiana_bavarica",0.0212906173459336,0.316699912395215,0.217564922317703,0.444444547941148,"Gentiana_bavarica"
"Gentiana_asclepiadea",0.0635353732215942,0.192749951276554,0.207756772558955,0.535957902942896,"Gentiana_asclepiadea"
"Gentiana_pannonica",0.0363891732059048,0.266774151985032,0.130713740594895,0.566122982094659,"Gentiana_pannonica"
"Gentiana_lutea",0.199862005519779,0.3721251149954,0.0772769089236431,0.350735970561178,"Gentiana_lutea"
"Centaurium_erythraea",0.0883977900552486,0.425414364640884,0.151933701657459,0.334254143646409,"Centaurium_erythraea"
"Mitrasacme_polymorpha",0.0829015544041451,0.0829015544041451,0.227979274611399,0.606217616580311,"Mitrasacme_polymorpha"
"Solanum_sisymbriifolium",0.107016658253407,0.049469964664311,0.139323573952549,0.704189803129732,"Solanum_sisymbriifolium"
"Solanum_rostratum",0.169679300291545,0.0355685131195335,0.221574344023324,0.573177842565598,"Solanum_rostratum"
"Solanum_variabile",0.395951417004049,0.0404858299595142,0.0672064777327935,0.496356275303644,"Solanum_variabile"
"Solanum_dulcamara",0.310905138861122,0.117750147815101,0.122197361872637,0.449149478287131,"Solanum_dulcamara"
"Solanum_nigrum",0.113207547169811,0.0259433962264151,0.358490566037736,0.502358490566038,"Solanum_nigrum"
"Solanum_tuberosum",0.329218106995885,0.0436213991769547,0.269135802469136,0.358024691358025,"Solanum_tuberosum"
"Solanum_diflorum",0.371794871794872,0.164102564102564,0.182051282051282,0.282051282051282,"Solanum_diflorum"
"Cuscuta_indecora",0.123287671232877,0.301369863013699,0.333333333333333,0.242009132420091,"Cuscuta_indecora"
"Merremia_dissecta",0.1148091934085,0.0512792714657415,0.456960104076323,0.376951431049436,"Merremia_dissecta"
"Calystegia_sepium",0.15054587243823,0.10745067994637,0.140011492051331,0.601991955564068,"Calystegia_sepium"
"Convolvulus_arvensis",0.135869565217391,0.125,0.116600790513834,0.622529644268775,"Convolvulus_arvensis"
"Ipomoea_purpurea",0.0797195793690536,0.0395593390085128,0.124887330996495,0.755833750625939,"Ipomoea_purpurea"
"Ipomoea_grandifolia",0.0581196581196581,0.0837606837606838,0.473504273504273,0.384615384615385,"Ipomoea_grandifolia"
"Ipomoea_indivisa",0.113486842105263,0.110197368421053,0.386513157894737,0.389802631578947,"Ipomoea_indivisa"
"Goodenia_bellidifolia",0.0837209302325581,0.197674418604651,0.216279069767442,0.502325581395349,"Goodenia_bellidifolia"
"Dampiera_stricta",0.0133111480865225,0.126455906821963,0.0415973377703827,0.818635607321131,"Dampiera_stricta"
"Nymphoides_indica",0.127931769722815,0.221748400852878,0.294243070362473,0.356076759061834,"Nymphoides_indica"
"Villarsia_reniformis",0.0889248540520833,0.204527164319792,0.252222899039167,0.454325082588958,"Villarsia_reniformis"
"Campanula_rotundifolia",0.0985444789573301,0.279955493831018,0.114221414159331,0.507278613052321,"Campanula_rotundifolia"
"Campanula_rapunculoides",0.0891829449861132,0.383704675271031,0.146420105484127,0.380692274258729,"Campanula_rapunculoides"
"Campanula_trachelium",0.0884174957762343,0.35742444152431,0.173080533133096,0.38107752956636,"Campanula_trachelium"
"Legousia_speculum-veneris",0.0681818181818182,0.375,0.181818181818182,0.375,"Legousia_speculum-veneris"
"Siphocampylus_verticillatus",0.186588921282799,0.0408163265306122,0.193002915451895,0.579591836734694,"Siphocampylus_verticillatus"
"Escallonia_bifida",0.238167938931298,0.245801526717557,0.183206106870229,0.332824427480916,"Escallonia_bifida"
"Sambucus_nigra",0.347190625675178,0.216056835657003,0.0300573186075772,0.406695220060242,"Sambucus_nigra"
"Billardiera_mutabilis",0.0864864864864865,0.21965601965602,0.149385749385749,0.544471744471744,"Billardiera_mutabilis"
"Primula_farinosa",0.0765559210526316,0.101973684210526,0.204546052631579,0.616924342105263,"Primula_farinosa"
"Primula_auricula",0.0677703195973509,0.141714345687434,0.118703398162396,0.671811936552818,"Primula_auricula"
"Soldanella_alpina",0.20353982300885,0.231563421828909,0.134218289085546,0.430678466076696,"Soldanella_alpina"
"Anagallis_arvensis",0.138211382113821,0.178861788617886,0.317073170731707,0.365853658536585,"Anagallis_arvensis"
"Lysimachia_vulgaris",0.182567726737338,0.12603062426384,0.210836277974087,0.480565371024735,"Lysimachia_vulgaris"
"Lysimachia_europaea",0.124716553287982,0.169312169312169,0.18442932728647,0.521541950113379,"Lysimachia_europaea"
"Lysimachia_arvensis",0.0952380952380952,0.206349206349206,0.349206349206349,0.349206349206349,"Lysimachia_arvensis"
"Samolus_repens",0.0836820083682008,0.288702928870293,0.207112970711297,0.420502092050209,"Samolus_repens"
"Ipomopsis_aggregata",0.133729569093611,0.0802377414561664,0.200594353640416,0.585438335809807,"Ipomopsis_aggregata"
"Dodecatheon_meadia",0.395541731467081,0.156039398652151,0.118195956454121,0.330222913426646,"Dodecatheon_meadia"
"Erica_carnea",0.176344086021505,0.240860215053763,0.27741935483871,0.305376344086022,"Erica_carnea"
"Calluna_vulgaris",0.206587431598759,0.245247638632324,0.322561081872364,0.225603847896553,"Calluna_vulgaris"
"Rhododendron_hirsutum",0.153338829348722,0.201154163231657,0.023083264633141,0.62242374278648,"Rhododendron_hirsutum"
"Gaylussacia_brasiliensis",0.191358024691358,0.166666666666667,0.296296296296296,0.345679012345679,"Gaylussacia_brasiliensis"
"Epacris_longiflora",0.133680555555556,0.147569444444444,0.133680555555556,0.585069444444444,"Epacris_longiflora"
"Epacris_obtusifolia",0.0445205479452055,0.203767123287671,0.251712328767123,0.5,"Epacris_obtusifolia"
"Epacris_glacialis",0.0811688311688312,0.12987012987013,0.230519480519481,0.558441558441558,"Epacris_glacialis"
"Epacris_microphylla",0.112359550561798,0.191011235955056,0.202247191011236,0.49438202247191,"Epacris_microphylla"
"Epacris_reclinata",0.0862944162436548,0.182741116751269,0.159052453468697,0.571912013536379,"Epacris_reclinata"
"Dracophyllum_secundum",0.100877192982456,0.304824561403509,0.208333333333333,0.385964912280702,"Dracophyllum_secundum"
"Richea_continentis",0.139240506329114,0.240506329113924,0.248945147679325,0.371308016877637,"Richea_continentis"
"Sprengelia_incarnata",0.0865724381625442,0.335689045936396,0.395759717314488,0.181978798586572,"Sprengelia_incarnata"
"Sprengelia_monticola",0.063049853372434,0.167155425219941,0.329912023460411,0.439882697947214,"Sprengelia_monticola"
"Impatiens_parviflora",0.153697478991597,0.210084033613445,0.0756302521008403,0.560588235294118,"Impatiens_parviflora"
"Cornus_sanguinea",0.227651183172656,0.374233128834356,0.0201577563540754,0.377957931638913,"Cornus_sanguinea"
"Montia_australasica",0.106060606060606,0.151515151515152,0.287878787878788,0.454545454545455,"Montia_australasica"
"Chenopodium_album",0.056120218579235,0.110765027322404,0.490819672131148,0.342295081967213,"Chenopodium_album"
"Lychnis_flos-cuculi",0.184100418410042,0.154811715481172,0.337517433751743,0.323570432357043,"Lychnis_flos-cuculi"
"Dianthus_carthusianorum",0.107122826696579,0.115535614133483,0.270891755468312,0.506449803701627,"Dianthus_carthusianorum"
"Stellaria_nemorum",0.117667476570635,0.351961124609511,0.284623394654634,0.24574800416522,"Stellaria_nemorum"
"Gypsophila_muralis",0.133663366336634,0.168316831683168,0.257425742574257,0.440594059405941,"Gypsophila_muralis"
"Minuartia_austriaca",0.097887323943662,0.179577464788732,0.280985915492958,0.441549295774648,"Minuartia_austriaca"
"Drosera_arcturi",0.0544554455445545,0.341584158415842,0.326732673267327,0.277227722772277,"Drosera_arcturi"
"Hibbertia_dentata",0.18733101583623,0.123986095017381,0.393974507531866,0.294708381614523,"Hibbertia_dentata"
"Hibbertia_scandens",0.169741434428858,0.0815901190151284,0.526051697984935,0.222616748571079,"Hibbertia_scandens"
"Hibbertia_obtusifolia",0.136047134440279,0.121585431173005,0.366898768077129,0.375468666309588,"Hibbertia_obtusifolia"
"Conospermum_tenuifolium",0.127272727272727,0.263636363636364,0.163636363636364,0.445454545454545,"Conospermum_tenuifolium"
"Symphionema_paludosum",0.157894736842105,0.105263157894737,0.0657894736842105,0.671052631578947,"Symphionema_paludosum"
"Ranunculus_pimpinellifolius",0.154471544715447,0.268292682926829,0.321138211382114,0.25609756097561,"Ranunculus_pimpinellifolius"
"Ranunculus_graniticola",0.154446183870756,0.223088932257759,0.141965645162467,0.480499238709019,"Ranunculus_graniticola"
"Ranunculus_niphophilus",0.16716240333135,0.251041046995836,0.103509815585961,0.478286734086853,"Ranunculus_niphophilus"
"Ranunculus_bulbosus",0.319656488549618,0.137404580152672,0.127862595419847,0.415076335877863,"Ranunculus_bulbosus"
"Delphinium_barbeyi",0.250720461095101,0.0389048991354467,0.360951008645533,0.349423631123919,"Delphinium_barbeyi"
"Commelina_cyanea",0.133369914795677,0.144801621778164,0.212850762875913,0.508985321688235,"Commelina_cyanea"
"Tradescantia_crassula",0.280141843971631,0.0921985815602837,0.25886524822695,0.368794326241135,"Tradescantia_crassula"
"Tripogandra_diuretica",0.1484375,0.10546875,0.4140625,0.33203125,"Tripogandra_diuretica"
"Eichhornia_azurea",0.094129063561378,0.145560407569141,0.275594371664241,0.48471615720524,"Eichhornia_azurea"
"Pontederia_lanceolata",0.178010471204189,0.0994764397905759,0.209424083769634,0.513089005235602,"Pontederia_lanceolata"
"Canna_confusa",0.0729166666666667,0.268784153005464,0.101946721311475,0.556352459016393,"Canna_confusa"
"Xyris_operculata",0.129120471560958,0.173077113271553,0.184065037434107,0.513737377733382,"Xyris_operculata"
"Hypoxis_decumbens",0.150684931506849,0.236301369863014,0.243150684931507,0.36986301369863,"Hypoxis_decumbens"
"Sisyrinchium_campestre",0.138392857142857,0.120535714285714,0.370535714285714,0.370535714285714,"Sisyrinchium_campestre"
"Sisyrinchium_platense",0.255813953488372,0.255813953488372,0.158139534883721,0.330232558139535,"Sisyrinchium_platense"
"Sisyrinchium_laxum",0.664961636828644,0.10230179028133,0.10230179028133,0.130434782608696,"Sisyrinchium_laxum"
"Sisyrinchium_megapotamicum",0.144654088050314,0.20125786163522,0.276729559748428,0.377358490566038,"Sisyrinchium_megapotamicum"
"Libertia_pulchella",0.210216110019646,0.235756385068762,0.178781925343811,0.37524557956778,"Libertia_pulchella"
"Romulea_rosea",0.107006369426752,0.179617834394904,0.217834394904459,0.495541401273885,"Romulea_rosea"
"Habenaria_pleiophylla",0.277266117304896,0.277266117304896,0.125060591371789,0.32040717401842,"Habenaria_pleiophylla"
"Epidendrum_fulgens",0.522347872913301,0.0231556273559505,0.213785675821217,0.240710823909531,"Epidendrum_fulgens"
"Sagittaria_montevidensis",0.227012987012987,0.184415584415584,0.183376623376623,0.405194805194805,"Sagittaria_montevidensis"
"Nectandra_oppositifolia",0.191699604743083,0.0434782608695652,0.320158102766798,0.444664031620553,"Nectandra_oppositifolia"
"Nymphaea_alba",0.170526806271242,0.258866900559149,0.200320688520995,0.370285604648613,"Nymphaea_alba"
